AGE00147718	, [ 1880,147.88251366120218,306.6078431372549 ] , [ 1881,157.99701492537312,283.8123076923077 ] , [ 1882,139.66575342465754,271.7698630136986 ] , [ 1883,127.04109589041096,274.2225433526012 ] , [ 1884,0.0,0.0 ] , [ 1885,147.18662952646238,270.0640668523677 ] , [ 1886,145.8598901098901,266.3924418604651 ] , [ 1887,142.98076923076923,268.7556818181818 ] , [ 1888,152.98333333333332,277.0863509749304 ] , [ 1889 , 145.0904109589041,268.6740331491713 ] 
AJ000037850	, [ 1881,0.0,0.0 ] , [ 1882,0.0,0.0 ] , [ 1883,0.0,0.0 ] , [ 1884,0.0,0.0 ] , [ 1885,0.0,0.0 ] , [ 1886,0.0,0.0 ] , [ 1887,0.0,0.0 ] , [ 1888,0.0,0.0 ] , [ 1889 , 0.0,0.0 ] 
ASN00003010	, [ 1886,0.0,0.0 ] , [ 1887 , 0.0,0.0 ] 
ASN00005044	, [ 1887,0.0,0.0 ] , [ 1888,0.0,0.0 ] , [ 1889 , 0.0,0.0 ] 
ASN00009034	, [ 1880,0.0,0.0 ] , [ 1881,0.0,0.0 ] , [ 1882,0.0,0.0 ] , [ 1883,0.0,0.0 ] , [ 1884,0.0,0.0 ] , [ 1885,0.0,0.0 ] , [ 1886,0.0,0.0 ] , [ 1887,0.0,0.0 ] , [ 1888,0.0,0.0 ] , [ 1889 , 0.0,0.0 ] 
ASN00009097	, [ 1884,0.0,0.0 ] , [ 1885,0.0,0.0 ] , [ 1886,0.0,0.0 ] , [ 1888 , 0.0,0.0 ] 
ASN00009514	, [ 1882 , 0.0,0.0 ] 
ASN00010111	, [ 1884,0.0,0.0 ] , [ 1886,0.0,0.0 ] , [ 1889 , 0.0,0.0 ] 
ASN00010648	, [ 1888 , 0.0,0.0 ] 
ASN00014623	, [ 1884,0.0,0.0 ] , [ 1885 , 0.0,0.0 ] 
ASN00014710	, [ 1889 , 0.0,0.0 ] 
ASN00014914	, [ 1885,0.0,0.0 ] , [ 1886 , 0.0,0.0 ] 
ASN00016033	, [ 1880,0.0,0.0 ] , [ 1881,0.0,0.0 ] , [ 1882,0.0,0.0 ] , [ 1883,0.0,0.0 ] , [ 1884,0.0,0.0 ] , [ 1885,0.0,0.0 ] , [ 1886,0.0,0.0 ] , [ 1887,0.0,0.0 ] , [ 1888,0.0,0.0 ] , [ 1889 , 0.0,0.0 ] 
ASN00017011	, [ 1880,0.0,0.0 ] , [ 1882,0.0,0.0 ] , [ 1884,0.0,0.0 ] , [ 1885,0.0,0.0 ] , [ 1886,0.0,0.0 ] , [ 1887,0.0,0.0 ] , [ 1888,0.0,0.0 ] , [ 1889 , 0.0,0.0 ] 
ASN00017053	, [ 1880,0.0,0.0 ] , [ 1881,0.0,0.0 ] , [ 1882,0.0,0.0 ] , [ 1883,0.0,0.0 ] , [ 1884,0.0,0.0 ] , [ 1885,0.0,0.0 ] , [ 1886,0.0,0.0 ] , [ 1887,0.0,0.0 ] , [ 1888,0.0,0.0 ] , [ 1889 , 0.0,0.0 ] 
ASN00017080	, [ 1887,0.0,0.0 ] , [ 1888,0.0,0.0 ] , [ 1889 , 0.0,0.0 ] 
ASN00017089	, [ 1884,0.0,0.0 ] , [ 1885,0.0,0.0 ] , [ 1886,0.0,0.0 ] , [ 1887,0.0,0.0 ] , [ 1888,0.0,0.0 ] , [ 1889 , 0.0,0.0 ] 
ASN00017095	, [ 1886,0.0,0.0 ] , [ 1887,0.0,0.0 ] , [ 1888,0.0,0.0 ] , [ 1889 , 0.0,0.0 ] 
ASN00018019	, [ 1880,0.0,0.0 ] , [ 1881,0.0,0.0 ] , [ 1882,0.0,0.0 ] , [ 1883,0.0,0.0 ] , [ 1884,0.0,0.0 ] , [ 1885,0.0,0.0 ] , [ 1886,0.0,0.0 ] , [ 1887,0.0,0.0 ] , [ 1888,0.0,0.0 ] , [ 1889 , 0.0,0.0 ] 
ASN00018106	, [ 1889 , 0.0,0.0 ] 
ASN00018160	, [ 1884,0.0,0.0 ] , [ 1885,0.0,0.0 ] , [ 1886,0.0,0.0 ] , [ 1887,0.0,0.0 ] , [ 1888,0.0,0.0 ] , [ 1889 , 0.0,0.0 ] 
ASN00019003	, [ 1882,0.0,0.0 ] , [ 1883,0.0,0.0 ] , [ 1884,0.0,0.0 ] , [ 1885,0.0,0.0 ] , [ 1886,0.0,0.0 ] , [ 1887,0.0,0.0 ] , [ 1888 , 0.0,0.0 ] 
ASN00019018	, [ 1881,0.0,0.0 ] , [ 1882,0.0,0.0 ] , [ 1883,0.0,0.0 ] , [ 1884,0.0,0.0 ] , [ 1885,0.0,0.0 ] , [ 1886,0.0,0.0 ] , [ 1887,0.0,0.0 ] , [ 1888,0.0,0.0 ] , [ 1889 , 0.0,0.0 ] 
ASN00019024	, [ 1881,0.0,0.0 ] , [ 1882,0.0,0.0 ] , [ 1884,0.0,0.0 ] , [ 1885,0.0,0.0 ] , [ 1886,0.0,0.0 ] , [ 1887,0.0,0.0 ] , [ 1888,0.0,0.0 ] , [ 1889 , 0.0,0.0 ] 
ASN00019030	, [ 1881,0.0,0.0 ] , [ 1882,0.0,0.0 ] , [ 1884,0.0,0.0 ] , [ 1885,0.0,0.0 ] , [ 1886,0.0,0.0 ] , [ 1887,0.0,0.0 ] , [ 1888,0.0,0.0 ] , [ 1889 , 0.0,0.0 ] 
ASN00019072	, [ 1889 , 0.0,0.0 ] 
ASN00019087	, [ 1883,0.0,0.0 ] , [ 1884,0.0,0.0 ] , [ 1885,0.0,0.0 ] , [ 1886,0.0,0.0 ] , [ 1887,0.0,0.0 ] , [ 1888,0.0,0.0 ] , [ 1889 , 0.0,0.0 ] 
ASN00019093	, [ 1881,0.0,0.0 ] , [ 1882,0.0,0.0 ] , [ 1883,0.0,0.0 ] , [ 1884,0.0,0.0 ] , [ 1885,0.0,0.0 ] , [ 1886,0.0,0.0 ] , [ 1887,0.0,0.0 ] , [ 1888,0.0,0.0 ] , [ 1889 , 0.0,0.0 ] 
ASN00020008	, [ 1885,0.0,0.0 ] , [ 1886,0.0,0.0 ] , [ 1887,0.0,0.0 ] , [ 1888,0.0,0.0 ] , [ 1889 , 0.0,0.0 ] 
ASN00020029	, [ 1880,0.0,0.0 ] , [ 1881,0.0,0.0 ] , [ 1882,0.0,0.0 ] , [ 1883,0.0,0.0 ] , [ 1884,0.0,0.0 ] , [ 1885,0.0,0.0 ] , [ 1886,0.0,0.0 ] , [ 1887,0.0,0.0 ] , [ 1888,0.0,0.0 ] , [ 1889 , 0.0,0.0 ] 
ASN00021013	, [ 1882,0.0,0.0 ] , [ 1884,0.0,0.0 ] , [ 1885,0.0,0.0 ] , [ 1886,0.0,0.0 ] , [ 1887,0.0,0.0 ] , [ 1888,0.0,0.0 ] , [ 1889 , 0.0,0.0 ] 
ASN00021028	, [ 1887,0.0,0.0 ] , [ 1888,0.0,0.0 ] , [ 1889 , 0.0,0.0 ] 
ASN00021055	, [ 1882,0.0,0.0 ] , [ 1884,0.0,0.0 ] , [ 1885,0.0,0.0 ] , [ 1886,0.0,0.0 ] , [ 1887,0.0,0.0 ] , [ 1888,0.0,0.0 ] , [ 1889 , 0.0,0.0 ] 
ASN00021082	, [ 1881,0.0,0.0 ] , [ 1882,0.0,0.0 ] , [ 1886 , 0.0,0.0 ] 
ASN00021097	, [ 1883,0.0,0.0 ] , [ 1884,0.0,0.0 ] , [ 1885,0.0,0.0 ] , [ 1886,0.0,0.0 ] , [ 1887,0.0,0.0 ] , [ 1888,0.0,0.0 ] , [ 1889 , 0.0,0.0 ] 
ASN00022006	, [ 1881,0.0,0.0 ] , [ 1882,0.0,0.0 ] , [ 1884,0.0,0.0 ] , [ 1885,0.0,0.0 ] , [ 1886,0.0,0.0 ] , [ 1887,0.0,0.0 ] , [ 1888,0.0,0.0 ] , [ 1889 , 0.0,0.0 ] 
ASN00022012	, [ 1886,0.0,0.0 ] , [ 1887,0.0,0.0 ] , [ 1888,0.0,0.0 ] , [ 1889 , 0.0,0.0 ] 
ASN00022027	, [ 1884,0.0,0.0 ] , [ 1885,0.0,0.0 ] , [ 1886,0.0,0.0 ] , [ 1887,0.0,0.0 ] , [ 1888,0.0,0.0 ] , [ 1889 , 0.0,0.0 ] 
ASN00022810	, [ 1882 , 0.0,0.0 ] 
ASN00023005	, [ 1884,0.0,0.0 ] , [ 1885,0.0,0.0 ] , [ 1886,0.0,0.0 ] , [ 1887,0.0,0.0 ] , [ 1888,0.0,0.0 ] , [ 1889 , 0.0,0.0 ] 
ASN00023011	, [ 1884,0.0,0.0 ] , [ 1885,0.0,0.0 ] , [ 1886,0.0,0.0 ] , [ 1887,0.0,0.0 ] , [ 1888,0.0,0.0 ] , [ 1889 , 0.0,0.0 ] 
ASN00023026	, [ 1882,0.0,0.0 ] , [ 1884,0.0,0.0 ] , [ 1885,0.0,0.0 ] , [ 1886,0.0,0.0 ] , [ 1887,0.0,0.0 ] , [ 1888,0.0,0.0 ] , [ 1889 , 0.0,0.0 ] 
ASN00023068	, [ 1880,0.0,0.0 ] , [ 1882,0.0,0.0 ] , [ 1884,0.0,0.0 ] , [ 1885,0.0,0.0 ] , [ 1886,0.0,0.0 ] , [ 1887,0.0,0.0 ] , [ 1888 , 0.0,0.0 ] 
ASN00023095	, [ 1884,0.0,0.0 ] , [ 1885,0.0,0.0 ] , [ 1886,0.0,0.0 ] , [ 1887,0.0,0.0 ] , [ 1888,0.0,0.0 ] , [ 1889 , 0.0,0.0 ] 
ASN00023302	, [ 1882,0.0,0.0 ] , [ 1883,0.0,0.0 ] , [ 1884,0.0,0.0 ] , [ 1885,0.0,0.0 ] , [ 1886,0.0,0.0 ] , [ 1887,0.0,0.0 ] , [ 1888,0.0,0.0 ] , [ 1889 , 0.0,0.0 ] 
ASN00023317	, [ 1886,0.0,0.0 ] , [ 1887,0.0,0.0 ] , [ 1888,0.0,0.0 ] , [ 1889 , 0.0,0.0 ] 
ASN00023701	, [ 1886,0.0,0.0 ] , [ 1887,0.0,0.0 ] , [ 1888,0.0,0.0 ] , [ 1889 , 0.0,0.0 ] 
ASN00023737	, [ 1884,0.0,0.0 ] , [ 1885,0.0,0.0 ] , [ 1886,0.0,0.0 ] , [ 1887,0.0,0.0 ] , [ 1888,0.0,0.0 ] , [ 1889 , 0.0,0.0 ] 
ASN00023764	, [ 1882,0.0,0.0 ] , [ 1884,0.0,0.0 ] , [ 1885,0.0,0.0 ] , [ 1886,0.0,0.0 ] , [ 1887,0.0,0.0 ] , [ 1888 , 0.0,0.0 ] 
ASN00023779	, [ 1887,0.0,0.0 ] , [ 1888,0.0,0.0 ] , [ 1889 , 0.0,0.0 ] 
ASN00024511	, [ 1882,0.0,0.0 ] , [ 1884,0.0,0.0 ] , [ 1885,0.0,0.0 ] , [ 1886,0.0,0.0 ] , [ 1887,0.0,0.0 ] , [ 1888,0.0,0.0 ] , [ 1889 , 0.0,0.0 ] 
ASN00025504	, [ 1887,0.0,0.0 ] , [ 1888,0.0,0.0 ] , [ 1889 , 0.0,0.0 ] 
ASN00025510	, [ 1887,0.0,0.0 ] , [ 1888,0.0,0.0 ] , [ 1889 , 0.0,0.0 ] 
ASN00025519	, [ 1888,0.0,0.0 ] , [ 1889 , 0.0,0.0 ] 
ASN00026023	, [ 1884,0.0,0.0 ] , [ 1885,0.0,0.0 ] , [ 1886,0.0,0.0 ] , [ 1887,0.0,0.0 ] , [ 1888,0.0,0.0 ] , [ 1889 , 0.0,0.0 ] 
ASN00029008	, [ 1884,0.0,0.0 ] , [ 1885,0.0,0.0 ] , [ 1887,0.0,0.0 ] , [ 1888,0.0,0.0 ] , [ 1889 , 0.0,0.0 ] 
ASN00029041	, [ 1880,0.0,0.0 ] , [ 1881,0.0,0.0 ] , [ 1882,0.0,0.0 ] , [ 1883,0.0,0.0 ] , [ 1884,0.0,0.0 ] , [ 1885,0.0,0.0 ] , [ 1886,0.0,0.0 ] , [ 1887,0.0,0.0 ] , [ 1888,0.0,0.0 ] , [ 1889 , 0.0,0.0 ] 
ASN00029098	, [ 1887,0.0,0.0 ] , [ 1888,0.0,0.0 ] , [ 1889 , 0.0,0.0 ] 
ASN00030031	, [ 1888,0.0,0.0 ] , [ 1889 , 0.0,0.0 ] 
ASN00030133	, [ 1888,0.0,0.0 ] , [ 1889 , 0.0,0.0 ] 
ASN00032044	, [ 1881,0.0,0.0 ] , [ 1882,0.0,0.0 ] , [ 1884,0.0,0.0 ] , [ 1885,0.0,0.0 ] , [ 1886,0.0,0.0 ] , [ 1887 , 0.0,0.0 ] 
ASN00032104	, [ 1888,0.0,0.0 ] , [ 1889 , 0.0,0.0 ] 
ASN00033001	, [ 1887,0.0,0.0 ] , [ 1888,0.0,0.0 ] , [ 1889 , 0.0,0.0 ] 
ASN00034000	, [ 1889 , 0.0,0.0 ] 
ASN00035035	, [ 1888 , 0.0,0.0 ] 
ASN00035056	, [ 1888 , 0.0,0.0 ] 
ASN00035077	, [ 1884,0.0,0.0 ] , [ 1885,0.0,0.0 ] , [ 1888 , 0.0,0.0 ] 
ASN00036007	, [ 1887,0.0,0.0 ] , [ 1888,0.0,0.0 ] , [ 1889 , 0.0,0.0 ] 
ASN00036115	, [ 1888,0.0,0.0 ] , [ 1889 , 0.0,0.0 ] 
ASN00037027	, [ 1888,0.0,0.0 ] , [ 1889 , 0.0,0.0 ] 
ASN00040150	, [ 1887,0.0,0.0 ] , [ 1888,0.0,0.0 ] , [ 1889 , 0.0,0.0 ] 
ASN00040171	, [ 1887,0.0,0.0 ] , [ 1888,0.0,0.0 ] , [ 1889 , 0.0,0.0 ] 
ASN00040210	, [ 1887,0.0,0.0 ] , [ 1888,0.0,0.0 ] , [ 1889 , 0.0,0.0 ] 
ASN00040225	, [ 1880,0.0,0.0 ] , [ 1887,0.0,0.0 ] , [ 1888,0.0,0.0 ] , [ 1889 , 0.0,0.0 ] 
ASN00040252	, [ 1887,0.0,0.0 ] , [ 1888,0.0,0.0 ] , [ 1889 , 0.0,0.0 ] 
ASN00041035	, [ 1887,0.0,0.0 ] , [ 1888,0.0,0.0 ] , [ 1889 , 0.0,0.0 ] 
ASN00041056	, [ 1889 , 0.0,0.0 ] 
ASN00041101	, [ 1884,0.0,0.0 ] , [ 1885,0.0,0.0 ] , [ 1887,0.0,0.0 ] , [ 1888,0.0,0.0 ] , [ 1889 , 0.0,0.0 ] 
ASN00041116	, [ 1888,0.0,0.0 ] , [ 1889 , 0.0,0.0 ] 
ASN00041158	, [ 1888,0.0,0.0 ] , [ 1889 , 0.0,0.0 ] 
ASN00041455	, [ 1889 , 0.0,0.0 ] 
ASN00043012	, [ 1885,0.0,0.0 ] , [ 1886,0.0,0.0 ] , [ 1887,0.0,0.0 ] , [ 1888 , 0.0,0.0 ] 
ASN00044026	, [ 1880,0.0,0.0 ] , [ 1881,0.0,0.0 ] , [ 1883,0.0,0.0 ] , [ 1885,0.0,0.0 ] , [ 1886,0.0,0.0 ] , [ 1887,0.0,0.0 ] , [ 1888,0.0,0.0 ] , [ 1889 , 0.0,0.0 ] 
ASN00044032	, [ 1886,0.0,0.0 ] , [ 1887,0.0,0.0 ] , [ 1888,0.0,0.0 ] , [ 1889 , 0.0,0.0 ] 
ASN00044149	, [ 1883,0.0,0.0 ] , [ 1885,0.0,0.0 ] , [ 1886,0.0,0.0 ] , [ 1887,0.0,0.0 ] , [ 1888 , 0.0,0.0 ] 
ASN00045010	, [ 1888,0.0,0.0 ] , [ 1889 , 0.0,0.0 ] 
ASN00046003	, [ 1882,0.0,0.0 ] , [ 1883,0.0,0.0 ] , [ 1885,0.0,0.0 ] , [ 1886,0.0,0.0 ] , [ 1887,0.0,0.0 ] , [ 1888,0.0,0.0 ] , [ 1889 , 0.0,0.0 ] 
ASN00046018	, [ 1882,0.0,0.0 ] , [ 1883,0.0,0.0 ] , [ 1884,0.0,0.0 ] , [ 1885,0.0,0.0 ] , [ 1886,0.0,0.0 ] , [ 1887,0.0,0.0 ] , [ 1888,0.0,0.0 ] , [ 1889 , 0.0,0.0 ] 
ASN00046039	, [ 1881,0.0,0.0 ] , [ 1882,0.0,0.0 ] , [ 1883,0.0,0.0 ] , [ 1884,0.0,0.0 ] , [ 1885,0.0,0.0 ] , [ 1886,0.0,0.0 ] , [ 1887,0.0,0.0 ] , [ 1888,0.0,0.0 ] , [ 1889 , 0.0,0.0 ] 
ASN00046087	, [ 1880,0.0,0.0 ] , [ 1881,0.0,0.0 ] , [ 1882,0.0,0.0 ] , [ 1883,0.0,0.0 ] , [ 1884,0.0,0.0 ] , [ 1885,0.0,0.0 ] , [ 1886,0.0,0.0 ] , [ 1887,0.0,0.0 ] , [ 1888,0.0,0.0 ] , [ 1889 , 0.0,0.0 ] 
ASN00047002	, [ 1880,0.0,0.0 ] , [ 1881,0.0,0.0 ] , [ 1882,0.0,0.0 ] , [ 1883,0.0,0.0 ] , [ 1884,0.0,0.0 ] , [ 1885,0.0,0.0 ] , [ 1886,0.0,0.0 ] , [ 1887,0.0,0.0 ] , [ 1888,0.0,0.0 ] , [ 1889 , 0.0,0.0 ] 
ASN00047017	, [ 1882,0.0,0.0 ] , [ 1883,0.0,0.0 ] , [ 1884,0.0,0.0 ] , [ 1885,0.0,0.0 ] , [ 1886,0.0,0.0 ] , [ 1887,0.0,0.0 ] , [ 1888,0.0,0.0 ] , [ 1889 , 0.0,0.0 ] 
ASN00047071	, [ 1880,0.0,0.0 ] , [ 1881,0.0,0.0 ] , [ 1882,0.0,0.0 ] , [ 1883,0.0,0.0 ] , [ 1884,0.0,0.0 ] , [ 1885,0.0,0.0 ] , [ 1886,0.0,0.0 ] , [ 1887,0.0,0.0 ] , [ 1888,0.0,0.0 ] , [ 1889 , 0.0,0.0 ] 
ASN00047086	, [ 1883,0.0,0.0 ] , [ 1884,0.0,0.0 ] , [ 1885,0.0,0.0 ] , [ 1886,0.0,0.0 ] , [ 1887,0.0,0.0 ] , [ 1888,0.0,0.0 ] , [ 1889 , 0.0,0.0 ] 
ASN00048001	, [ 1889 , 0.0,0.0 ] 
ASN00048016	, [ 1885,0.0,0.0 ] , [ 1886,0.0,0.0 ] , [ 1887,0.0,0.0 ] , [ 1888,0.0,0.0 ] , [ 1889 , 0.0,0.0 ] 
ASN00048037	, [ 1880,0.0,0.0 ] , [ 1881,0.0,0.0 ] , [ 1882,0.0,0.0 ] , [ 1883,0.0,0.0 ] , [ 1884,0.0,0.0 ] , [ 1885,0.0,0.0 ] , [ 1886,0.0,0.0 ] , [ 1887,0.0,0.0 ] , [ 1888,0.0,0.0 ] , [ 1889 , 0.0,0.0 ] 
ASN00048043	, [ 1883,0.0,0.0 ] , [ 1884,0.0,0.0 ] , [ 1885,0.0,0.0 ] , [ 1886,0.0,0.0 ] , [ 1887,0.0,0.0 ] , [ 1888,0.0,0.0 ] , [ 1889 , 0.0,0.0 ] 
ASN00048079	, [ 1884,0.0,0.0 ] , [ 1885,0.0,0.0 ] , [ 1886,0.0,0.0 ] , [ 1887,0.0,0.0 ] , [ 1888,0.0,0.0 ] , [ 1889 , 0.0,0.0 ] 
ASN00048091	, [ 1882,0.0,0.0 ] , [ 1883,0.0,0.0 ] , [ 1884,0.0,0.0 ] , [ 1885,0.0,0.0 ] , [ 1887,0.0,0.0 ] , [ 1888,0.0,0.0 ] , [ 1889 , 0.0,0.0 ] 
ASN00048103	, [ 1885,0.0,0.0 ] , [ 1886,0.0,0.0 ] , [ 1887,0.0,0.0 ] , [ 1888,0.0,0.0 ] , [ 1889 , 0.0,0.0 ] 
ASN00048124	, [ 1887,0.0,0.0 ] , [ 1888,0.0,0.0 ] , [ 1889 , 0.0,0.0 ] 
ASN00048130	, [ 1888,0.0,0.0 ] , [ 1889 , 0.0,0.0 ] 
ASN00048145	, [ 1884,0.0,0.0 ] , [ 1885,0.0,0.0 ] , [ 1886,0.0,0.0 ] , [ 1887,0.0,0.0 ] , [ 1888,0.0,0.0 ] , [ 1889 , 0.0,0.0 ] 
ASN00048151	, [ 1884,0.0,0.0 ] , [ 1885,0.0,0.0 ] , [ 1886,0.0,0.0 ] , [ 1887,0.0,0.0 ] , [ 1888,0.0,0.0 ] , [ 1889 , 0.0,0.0 ] 
ASN00048187	, [ 1887,0.0,0.0 ] , [ 1888,0.0,0.0 ] , [ 1889 , 0.0,0.0 ] 
ASN00048193	, [ 1886,0.0,0.0 ] , [ 1887,0.0,0.0 ] , [ 1888,0.0,0.0 ] , [ 1889 , 0.0,0.0 ] 
ASN00048211	, [ 1889 , 0.0,0.0 ] 
ASN00049009	, [ 1880,0.0,0.0 ] , [ 1881,0.0,0.0 ] , [ 1882,0.0,0.0 ] , [ 1883,0.0,0.0 ] , [ 1884,0.0,0.0 ] , [ 1885,0.0,0.0 ] , [ 1886,0.0,0.0 ] , [ 1887,0.0,0.0 ] , [ 1888,0.0,0.0 ] , [ 1889 , 0.0,0.0 ] 
ASN00049021	, [ 1880,0.0,0.0 ] , [ 1881,0.0,0.0 ] , [ 1882,0.0,0.0 ] , [ 1883,0.0,0.0 ] , [ 1884,0.0,0.0 ] , [ 1885,0.0,0.0 ] , [ 1886,0.0,0.0 ] , [ 1887,0.0,0.0 ] , [ 1888,0.0,0.0 ] , [ 1889 , 0.0,0.0 ] 
ASN00049036	, [ 1882,0.0,0.0 ] , [ 1883,0.0,0.0 ] , [ 1884,0.0,0.0 ] , [ 1885,0.0,0.0 ] , [ 1886,0.0,0.0 ] , [ 1887,0.0,0.0 ] , [ 1888,0.0,0.0 ] , [ 1889 , 0.0,0.0 ] 
ASN00049042	, [ 1889 , 0.0,0.0 ] 
ASN00049084	, [ 1881,0.0,0.0 ] , [ 1882,0.0,0.0 ] , [ 1883,0.0,0.0 ] , [ 1884,0.0,0.0 ] , [ 1885,0.0,0.0 ] , [ 1886,0.0,0.0 ] , [ 1887,0.0,0.0 ] , [ 1888,0.0,0.0 ] , [ 1889 , 0.0,0.0 ] 
ASN00049090	, [ 1884,0.0,0.0 ] , [ 1885,0.0,0.0 ] , [ 1886,0.0,0.0 ] , [ 1887,0.0,0.0 ] , [ 1888,0.0,0.0 ] , [ 1889 , 0.0,0.0 ] 
ASN00049099	, [ 1889 , 0.0,0.0 ] 
ASN00050005	, [ 1886,0.0,0.0 ] , [ 1887,0.0,0.0 ] , [ 1888,0.0,0.0 ] , [ 1889 , 0.0,0.0 ] 
ASN00050011	, [ 1884,0.0,0.0 ] , [ 1885,0.0,0.0 ] , [ 1886,0.0,0.0 ] , [ 1887,0.0,0.0 ] , [ 1888,0.0,0.0 ] , [ 1889 , 0.0,0.0 ] 
ASN00050068	, [ 1885,0.0,0.0 ] , [ 1886,0.0,0.0 ] , [ 1887,0.0,0.0 ] , [ 1888,0.0,0.0 ] , [ 1889 , 0.0,0.0 ] 
ASN00050074	, [ 1886,0.0,0.0 ] , [ 1887,0.0,0.0 ] , [ 1888,0.0,0.0 ] , [ 1889 , 0.0,0.0 ] 
ASN00050089	, [ 1880,0.0,0.0 ] , [ 1881,0.0,0.0 ] , [ 1882,0.0,0.0 ] , [ 1883,0.0,0.0 ] , [ 1884,0.0,0.0 ] , [ 1885,0.0,0.0 ] , [ 1888,0.0,0.0 ] , [ 1889 , 0.0,0.0 ] 
ASN00050128	, [ 1880,0.0,0.0 ] , [ 1881,0.0,0.0 ] , [ 1882,0.0,0.0 ] , [ 1883,0.0,0.0 ] , [ 1884,0.0,0.0 ] , [ 1885,0.0,0.0 ] , [ 1886,0.0,0.0 ] , [ 1887,0.0,0.0 ] , [ 1888,0.0,0.0 ] , [ 1889 , 0.0,0.0 ] 
ASN00051004	, [ 1883,0.0,0.0 ] , [ 1884,0.0,0.0 ] , [ 1885,0.0,0.0 ] , [ 1886,0.0,0.0 ] , [ 1887,0.0,0.0 ] , [ 1888,0.0,0.0 ] , [ 1889 , 0.0,0.0 ] 
ASN00051010	, [ 1880,0.0,0.0 ] , [ 1881,0.0,0.0 ] , [ 1882,0.0,0.0 ] , [ 1883,0.0,0.0 ] , [ 1884,0.0,0.0 ] , [ 1886,0.0,0.0 ] , [ 1887,0.0,0.0 ] , [ 1888,0.0,0.0 ] , [ 1889 , 0.0,0.0 ] 
ASN00051019	, [ 1880,0.0,0.0 ] , [ 1881,0.0,0.0 ] , [ 1882,0.0,0.0 ] , [ 1883,0.0,0.0 ] , [ 1884,0.0,0.0 ] , [ 1885,0.0,0.0 ] , [ 1886,0.0,0.0 ] , [ 1887,0.0,0.0 ] , [ 1888,0.0,0.0 ] , [ 1889 , 0.0,0.0 ] 
ASN00051025	, [ 1880,0.0,0.0 ] , [ 1881,0.0,0.0 ] , [ 1882,0.0,0.0 ] , [ 1883,0.0,0.0 ] , [ 1884,0.0,0.0 ] , [ 1885,0.0,0.0 ] , [ 1886,0.0,0.0 ] , [ 1887,0.0,0.0 ] , [ 1888,0.0,0.0 ] , [ 1889 , 0.0,0.0 ] 
ASN00051031	, [ 1889 , 0.0,0.0 ] 
ASN00051088	, [ 1886,0.0,0.0 ] , [ 1887,0.0,0.0 ] , [ 1888,0.0,0.0 ] , [ 1889 , 0.0,0.0 ] 
ASN00051094	, [ 1881,0.0,0.0 ] , [ 1882,0.0,0.0 ] , [ 1883,0.0,0.0 ] , [ 1884,0.0,0.0 ] , [ 1885,0.0,0.0 ] , [ 1886,0.0,0.0 ] , [ 1887,0.0,0.0 ] , [ 1888,0.0,0.0 ] , [ 1889 , 0.0,0.0 ] 
ASN00051112	, [ 1882,0.0,0.0 ] , [ 1883,0.0,0.0 ] , [ 1884,0.0,0.0 ] , [ 1885,0.0,0.0 ] , [ 1886,0.0,0.0 ] , [ 1887,0.0,0.0 ] , [ 1888,0.0,0.0 ] , [ 1889 , 0.0,0.0 ] 
ASN00051148	, [ 1886,0.0,0.0 ] , [ 1887,0.0,0.0 ] , [ 1888,0.0,0.0 ] , [ 1889 , 0.0,0.0 ] 
ASN00051154	, [ 1889 , 0.0,0.0 ] 
ASN00052018	, [ 1886,0.0,0.0 ] , [ 1887,0.0,0.0 ] , [ 1888,0.0,0.0 ] , [ 1889 , 0.0,0.0 ] 
ASN00053044	, [ 1884,0.0,0.0 ] , [ 1885,0.0,0.0 ] , [ 1886,0.0,0.0 ] , [ 1887,0.0,0.0 ] , [ 1888,0.0,0.0 ] , [ 1889 , 0.0,0.0 ] 
ASN00053092	, [ 1880,0.0,0.0 ] , [ 1881,0.0,0.0 ] , [ 1882,0.0,0.0 ] , [ 1883,0.0,0.0 ] , [ 1884,0.0,0.0 ] , [ 1885,0.0,0.0 ] , [ 1886,0.0,0.0 ] , [ 1887,0.0,0.0 ] , [ 1888,0.0,0.0 ] , [ 1889 , 0.0,0.0 ] 
ASN00054016	, [ 1889 , 0.0,0.0 ] 
ASN00054085	, [ 1889 , 0.0,0.0 ] 
ASN00055021	, [ 1880,0.0,0.0 ] , [ 1881,0.0,0.0 ] , [ 1882,0.0,0.0 ] , [ 1883,0.0,0.0 ] , [ 1884,0.0,0.0 ] , [ 1885,0.0,0.0 ] , [ 1886,0.0,0.0 ] , [ 1887,0.0,0.0 ] , [ 1888,0.0,0.0 ] , [ 1889 , 0.0,0.0 ] 
ASN00055057	, [ 1881,0.0,0.0 ] , [ 1882,0.0,0.0 ] , [ 1883,0.0,0.0 ] , [ 1884,0.0,0.0 ] , [ 1885,0.0,0.0 ] , [ 1886,0.0,0.0 ] , [ 1887,0.0,0.0 ] , [ 1888,0.0,0.0 ] , [ 1889 , 0.0,0.0 ] 
ASN00055171	, [ 1886,0.0,0.0 ] , [ 1887,0.0,0.0 ] , [ 1888 , 0.0,0.0 ] 
ASN00055210	, [ 1880,0.0,0.0 ] , [ 1881,0.0,0.0 ] , [ 1883,0.0,0.0 ] , [ 1884,0.0,0.0 ] , [ 1885,0.0,0.0 ] , [ 1886,0.0,0.0 ] , [ 1889 , 0.0,0.0 ] 
ASN00055219	, [ 1885,0.0,0.0 ] , [ 1886,0.0,0.0 ] , [ 1887,0.0,0.0 ] , [ 1888,0.0,0.0 ] , [ 1889 , 0.0,0.0 ] 
ASN00056008	, [ 1889 , 0.0,0.0 ] 
ASN00056029	, [ 1880,0.0,0.0 ] , [ 1881,0.0,0.0 ] , [ 1882,0.0,0.0 ] , [ 1883,0.0,0.0 ] , [ 1884,0.0,0.0 ] , [ 1885,0.0,0.0 ] , [ 1886,0.0,0.0 ] , [ 1887,0.0,0.0 ] , [ 1888,0.0,0.0 ] , [ 1889 , 0.0,0.0 ] 
ASN00056035	, [ 1880,0.0,0.0 ] , [ 1881,0.0,0.0 ] , [ 1882,0.0,0.0 ] , [ 1883,0.0,0.0 ] , [ 1884,0.0,0.0 ] , [ 1885,0.0,0.0 ] , [ 1886,0.0,0.0 ] , [ 1887,0.0,0.0 ] , [ 1888,0.0,0.0 ] , [ 1889 , 0.0,0.0 ] 
ASN00056056	, [ 1880,0.0,0.0 ] , [ 1881,0.0,0.0 ] , [ 1882,0.0,0.0 ] , [ 1883,0.0,0.0 ] , [ 1884,0.0,0.0 ] , [ 1885,0.0,0.0 ] , [ 1886,0.0,0.0 ] , [ 1887,0.0,0.0 ] , [ 1888,0.0,0.0 ] , [ 1889 , 0.0,0.0 ] 
ASN00056143	, [ 1883,0.0,0.0 ] , [ 1884,0.0,0.0 ] , [ 1885,0.0,0.0 ] , [ 1886,0.0,0.0 ] , [ 1887,0.0,0.0 ] , [ 1888,0.0,0.0 ] , [ 1889 , 0.0,0.0 ] 
ASN00057028	, [ 1889 , 0.0,0.0 ] 
ASN00058012	, [ 1880,0.0,0.0 ] , [ 1881,0.0,0.0 ] , [ 1882,0.0,0.0 ] , [ 1883,0.0,0.0 ] , [ 1884,0.0,0.0 ] , [ 1885,0.0,0.0 ] , [ 1886,0.0,0.0 ] , [ 1887,0.0,0.0 ] , [ 1888,0.0,0.0 ] , [ 1889 , 0.0,0.0 ] 
ASN00058033	, [ 1884,0.0,0.0 ] , [ 1885,0.0,0.0 ] , [ 1886,0.0,0.0 ] , [ 1887,0.0,0.0 ] , [ 1888,0.0,0.0 ] , [ 1889 , 0.0,0.0 ] 
ASN00058048	, [ 1887,0.0,0.0 ] , [ 1888,0.0,0.0 ] , [ 1889 , 0.0,0.0 ] 
ASN00060022	, [ 1885,0.0,0.0 ] , [ 1886,0.0,0.0 ] , [ 1887,0.0,0.0 ] , [ 1888,0.0,0.0 ] , [ 1889 , 0.0,0.0 ] 
ASN00061021	, [ 1885,0.0,0.0 ] , [ 1886,0.0,0.0 ] , [ 1887,0.0,0.0 ] , [ 1888,0.0,0.0 ] , [ 1889 , 0.0,0.0 ] 
ASN00063055	, [ 1882,0.0,0.0 ] , [ 1883,0.0,0.0 ] , [ 1884,0.0,0.0 ] , [ 1885,0.0,0.0 ] , [ 1886,0.0,0.0 ] , [ 1887,0.0,0.0 ] , [ 1888,0.0,0.0 ] , [ 1889 , 0.0,0.0 ] 
ASN00063217	, [ 1887,0.0,0.0 ] , [ 1888,0.0,0.0 ] , [ 1889 , 0.0,0.0 ] 
ASN00063265	, [ 1889 , 0.0,0.0 ] 
ASN00065011	, [ 1886,0.0,0.0 ] , [ 1887,0.0,0.0 ] , [ 1888,0.0,0.0 ] , [ 1889 , 0.0,0.0 ] 
ASN00065026	, [ 1889 , 0.0,0.0 ] 
ASN00065074	, [ 1883,0.0,0.0 ] , [ 1884,0.0,0.0 ] , [ 1885,0.0,0.0 ] , [ 1886,0.0,0.0 ] , [ 1887,0.0,0.0 ] , [ 1888,0.0,0.0 ] , [ 1889 , 0.0,0.0 ] 
ASN00066046	, [ 1883,0.0,0.0 ] , [ 1885 , 0.0,0.0 ] 
ASN00066052	, [ 1888,0.0,0.0 ] , [ 1889 , 0.0,0.0 ] 
ASN00066112	, [ 1887,0.0,0.0 ] , [ 1888,0.0,0.0 ] , [ 1889 , 0.0,0.0 ] 
ASN00068017	, [ 1883,0.0,0.0 ] , [ 1884,0.0,0.0 ] , [ 1885,0.0,0.0 ] , [ 1886,0.0,0.0 ] , [ 1887,0.0,0.0 ] , [ 1888,0.0,0.0 ] , [ 1889 , 0.0,0.0 ] 
ASN00068044	, [ 1886,0.0,0.0 ] , [ 1887,0.0,0.0 ] , [ 1888,0.0,0.0 ] , [ 1889 , 0.0,0.0 ] 
ASN00069016	, [ 1880,0.0,0.0 ] , [ 1881,0.0,0.0 ] , [ 1882,0.0,0.0 ] , [ 1883,0.0,0.0 ] , [ 1884,0.0,0.0 ] , [ 1885,0.0,0.0 ] , [ 1886,0.0,0.0 ] , [ 1887,0.0,0.0 ] , [ 1888,0.0,0.0 ] , [ 1889 , 0.0,0.0 ] 
ASN00070012	, [ 1883,0.0,0.0 ] , [ 1884,0.0,0.0 ] , [ 1885,0.0,0.0 ] , [ 1886,0.0,0.0 ] , [ 1887,0.0,0.0 ] , [ 1888,0.0,0.0 ] , [ 1889 , 0.0,0.0 ] 
ASN00070027	, [ 1889 , 0.0,0.0 ] 
ASN00070108	, [ 1881,0.0,0.0 ] , [ 1882,0.0,0.0 ] , [ 1883,0.0,0.0 ] , [ 1884,0.0,0.0 ] , [ 1885,0.0,0.0 ] , [ 1886,0.0,0.0 ] , [ 1887,0.0,0.0 ] , [ 1888,0.0,0.0 ] , [ 1889 , 0.0,0.0 ] 
ASN00070198	, [ 1889 , 0.0,0.0 ] 
ASN00070303	, [ 1886,0.0,0.0 ] , [ 1887,0.0,0.0 ] , [ 1888,0.0,0.0 ] , [ 1889 , 0.0,0.0 ] 
ASN00072004	, [ 1886,0.0,0.0 ] , [ 1887,0.0,0.0 ] , [ 1888,0.0,0.0 ] , [ 1889 , 0.0,0.0 ] 
ASN00072031	, [ 1887,0.0,0.0 ] , [ 1888,0.0,0.0 ] , [ 1889 , 0.0,0.0 ] 
ASN00072067	, [ 1880,0.0,0.0 ] , [ 1881,0.0,0.0 ] , [ 1882,0.0,0.0 ] , [ 1883,0.0,0.0 ] , [ 1884,0.0,0.0 ] , [ 1885,0.0,0.0 ] , [ 1886,0.0,0.0 ] , [ 1887,0.0,0.0 ] , [ 1889 , 0.0,0.0 ] 
ASN00073003	, [ 1886,0.0,0.0 ] , [ 1887,0.0,0.0 ] , [ 1888,0.0,0.0 ] , [ 1889 , 0.0,0.0 ] 
ASN00073024	, [ 1881,0.0,0.0 ] , [ 1882,0.0,0.0 ] , [ 1883,0.0,0.0 ] , [ 1884,0.0,0.0 ] , [ 1885,0.0,0.0 ] , [ 1886,0.0,0.0 ] , [ 1887,0.0,0.0 ] , [ 1888,0.0,0.0 ] , [ 1889 , 0.0,0.0 ] 
ASN00073030	, [ 1885,0.0,0.0 ] , [ 1886,0.0,0.0 ] , [ 1887,0.0,0.0 ] , [ 1888,0.0,0.0 ] , [ 1889 , 0.0,0.0 ] 
ASN00073045	, [ 1889 , 0.0,0.0 ] 
ASN00073051	, [ 1888,0.0,0.0 ] , [ 1889 , 0.0,0.0 ] 
ASN00074092	, [ 1887,0.0,0.0 ] , [ 1888,0.0,0.0 ] , [ 1889 , 0.0,0.0 ] 
ASN00074110	, [ 1880,0.0,0.0 ] , [ 1881,0.0,0.0 ] , [ 1882,0.0,0.0 ] , [ 1883,0.0,0.0 ] , [ 1885,0.0,0.0 ] , [ 1886,0.0,0.0 ] , [ 1887,0.0,0.0 ] , [ 1888,0.0,0.0 ] , [ 1889 , 0.0,0.0 ] 
ASN00074125	, [ 1888,0.0,0.0 ] , [ 1889 , 0.0,0.0 ] 
ASN00074146	, [ 1880,0.0,0.0 ] , [ 1881,0.0,0.0 ] , [ 1882,0.0,0.0 ] , [ 1883,0.0,0.0 ] , [ 1884,0.0,0.0 ] , [ 1885,0.0,0.0 ] , [ 1886,0.0,0.0 ] , [ 1887,0.0,0.0 ] , [ 1888,0.0,0.0 ] , [ 1889 , 0.0,0.0 ] 
ASN00074227	, [ 1882,0.0,0.0 ] , [ 1883,0.0,0.0 ] , [ 1884,0.0,0.0 ] , [ 1885,0.0,0.0 ] , [ 1886,0.0,0.0 ] , [ 1887,0.0,0.0 ] , [ 1888,0.0,0.0 ] , [ 1889 , 0.0,0.0 ] 
ASN00075001	, [ 1889 , 0.0,0.0 ] 
ASN00075043	, [ 1884,0.0,0.0 ] , [ 1888,0.0,0.0 ] , [ 1889 , 0.0,0.0 ] 
ASN00075064	, [ 1880,0.0,0.0 ] , [ 1881,0.0,0.0 ] , [ 1882,0.0,0.0 ] , [ 1883,0.0,0.0 ] , [ 1884,0.0,0.0 ] , [ 1885,0.0,0.0 ] , [ 1886,0.0,0.0 ] , [ 1887,0.0,0.0 ] , [ 1888,0.0,0.0 ] , [ 1889 , 0.0,0.0 ] 
ASN00075118	, [ 1881,0.0,0.0 ] , [ 1882,0.0,0.0 ] , [ 1883,0.0,0.0 ] , [ 1884,0.0,0.0 ] , [ 1885,0.0,0.0 ] , [ 1886,0.0,0.0 ] , [ 1887,0.0,0.0 ] , [ 1888,0.0,0.0 ] , [ 1889 , 0.0,0.0 ] 
ASN00077062	, [ 1886,0.0,0.0 ] , [ 1887,0.0,0.0 ] , [ 1888,0.0,0.0 ] , [ 1889 , 0.0,0.0 ] 
ASN00078028	, [ 1884,0.0,0.0 ] , [ 1885,0.0,0.0 ] , [ 1886,0.0,0.0 ] , [ 1887,0.0,0.0 ] , [ 1888,0.0,0.0 ] , [ 1889 , 0.0,0.0 ] 
ASN00078034	, [ 1889 , 0.0,0.0 ] 
ASN00078040	, [ 1885,0.0,0.0 ] , [ 1886,0.0,0.0 ] , [ 1887,0.0,0.0 ] , [ 1888,0.0,0.0 ] , [ 1889 , 0.0,0.0 ] 
ASN00078061	, [ 1886,0.0,0.0 ] , [ 1887,0.0,0.0 ] , [ 1888,0.0,0.0 ] , [ 1889 , 0.0,0.0 ] 
ASN00079069	, [ 1880,0.0,0.0 ] , [ 1881,0.0,0.0 ] , [ 1882,0.0,0.0 ] , [ 1883,0.0,0.0 ] , [ 1884,0.0,0.0 ] , [ 1885,0.0,0.0 ] , [ 1886,0.0,0.0 ] , [ 1887,0.0,0.0 ] , [ 1888,0.0,0.0 ] , [ 1889 , 0.0,0.0 ] 
ASN00079096	, [ 1887,0.0,0.0 ] , [ 1888,0.0,0.0 ] , [ 1889 , 0.0,0.0 ] 
ASN00080002	, [ 1881,0.0,0.0 ] , [ 1882,0.0,0.0 ] , [ 1883,0.0,0.0 ] , [ 1884,0.0,0.0 ] , [ 1885,0.0,0.0 ] , [ 1886,0.0,0.0 ] , [ 1887,0.0,0.0 ] , [ 1888,0.0,0.0 ] , [ 1889 , 0.0,0.0 ] 
ASN00080017	, [ 1889 , 0.0,0.0 ] 
ASN00080023	, [ 1880,0.0,0.0 ] , [ 1881,0.0,0.0 ] , [ 1882,0.0,0.0 ] , [ 1883,0.0,0.0 ] , [ 1884,0.0,0.0 ] , [ 1885,0.0,0.0 ] , [ 1886,0.0,0.0 ] , [ 1887,0.0,0.0 ] , [ 1888,0.0,0.0 ] , [ 1889 , 0.0,0.0 ] 
ASN00080086	, [ 1887,0.0,0.0 ] , [ 1888,0.0,0.0 ] , [ 1889 , 0.0,0.0 ] 
ASN00081016	, [ 1882,0.0,0.0 ] , [ 1883,0.0,0.0 ] , [ 1884,0.0,0.0 ] , [ 1885,0.0,0.0 ] , [ 1886,0.0,0.0 ] , [ 1887,0.0,0.0 ] , [ 1888,0.0,0.0 ] , [ 1889 , 0.0,0.0 ] 
ASN00081022	, [ 1884,0.0,0.0 ] , [ 1885,0.0,0.0 ] , [ 1886,0.0,0.0 ] , [ 1887,0.0,0.0 ] , [ 1888,0.0,0.0 ] , [ 1889 , 0.0,0.0 ] 
ASN00081037	, [ 1886,0.0,0.0 ] , [ 1887,0.0,0.0 ] , [ 1888,0.0,0.0 ] , [ 1889 , 0.0,0.0 ] 
ASN00081043	, [ 1887,0.0,0.0 ] , [ 1888,0.0,0.0 ] , [ 1889 , 0.0,0.0 ] 
ASN00081085	, [ 1882,0.0,0.0 ] , [ 1883,0.0,0.0 ] , [ 1884,0.0,0.0 ] , [ 1885,0.0,0.0 ] , [ 1886,0.0,0.0 ] , [ 1887,0.0,0.0 ] , [ 1888,0.0,0.0 ] , [ 1889 , 0.0,0.0 ] 
ASN00082000	, [ 1885,0.0,0.0 ] , [ 1886,0.0,0.0 ] , [ 1887,0.0,0.0 ] , [ 1888,0.0,0.0 ] , [ 1889 , 0.0,0.0 ] 
ASN00082078	, [ 1883,0.0,0.0 ] , [ 1884,0.0,0.0 ] , [ 1885,0.0,0.0 ] , [ 1886,0.0,0.0 ] , [ 1887,0.0,0.0 ] , [ 1888,0.0,0.0 ] , [ 1889 , 0.0,0.0 ] 
ASN00082123	, [ 1889 , 0.0,0.0 ] 
ASN00083029	, [ 1889 , 0.0,0.0 ] 
ASN00084049	, [ 1887,0.0,0.0 ] , [ 1888,0.0,0.0 ] , [ 1889 , 0.0,0.0 ] 
ASN00084082	, [ 1880,0.0,0.0 ] , [ 1881,0.0,0.0 ] , [ 1882,0.0,0.0 ] , [ 1883,0.0,0.0 ] , [ 1884,0.0,0.0 ] , [ 1885,0.0,0.0 ] , [ 1886,0.0,0.0 ] , [ 1887,0.0,0.0 ] , [ 1888,0.0,0.0 ] , [ 1889 , 0.0,0.0 ] 
ASN00085012	, [ 1886,0.0,0.0 ] , [ 1887,0.0,0.0 ] , [ 1888,0.0,0.0 ] , [ 1889 , 0.0,0.0 ] 
ASN00085054	, [ 1880,0.0,0.0 ] , [ 1883,0.0,0.0 ] , [ 1884,0.0,0.0 ] , [ 1885,0.0,0.0 ] , [ 1886,0.0,0.0 ] , [ 1887,0.0,0.0 ] , [ 1888,0.0,0.0 ] , [ 1889 , 0.0,0.0 ] 
ASN00085060	, [ 1887,0.0,0.0 ] , [ 1888,0.0,0.0 ] , [ 1889 , 0.0,0.0 ] 
ASN00085081	, [ 1882,0.0,0.0 ] , [ 1883,0.0,0.0 ] , [ 1884,0.0,0.0 ] , [ 1885,0.0,0.0 ] , [ 1886,0.0,0.0 ] , [ 1887,0.0,0.0 ] , [ 1888,0.0,0.0 ] , [ 1889 , 0.0,0.0 ] 
ASN00085096	, [ 1880,0.0,0.0 ] , [ 1881,0.0,0.0 ] , [ 1882,0.0,0.0 ] , [ 1883,0.0,0.0 ] , [ 1884,0.0,0.0 ] , [ 1885,0.0,0.0 ] , [ 1886,0.0,0.0 ] , [ 1887,0.0,0.0 ] , [ 1888,0.0,0.0 ] , [ 1889 , 0.0,0.0 ] 
ASN00085198	, [ 1887,0.0,0.0 ] , [ 1888,0.0,0.0 ] , [ 1889 , 0.0,0.0 ] 
ASN00086005	, [ 1880,0.0,0.0 ] , [ 1881,0.0,0.0 ] , [ 1882,0.0,0.0 ] , [ 1883,0.0,0.0 ] , [ 1884,0.0,0.0 ] , [ 1885,0.0,0.0 ] , [ 1886,0.0,0.0 ] , [ 1887,0.0,0.0 ] , [ 1888,0.0,0.0 ] , [ 1889 , 0.0,0.0 ] 
ASN00086032	, [ 1880,0.0,0.0 ] , [ 1881,0.0,0.0 ] , [ 1882,0.0,0.0 ] , [ 1883,0.0,0.0 ] , [ 1884,0.0,0.0 ] , [ 1885,0.0,0.0 ] , [ 1886,0.0,0.0 ] , [ 1887,0.0,0.0 ] , [ 1888,0.0,0.0 ] , [ 1889 , 0.0,0.0 ] 
ASN00086161	, [ 1889 , 0.0,0.0 ] 
ASN00087025	, [ 1880,0.0,0.0 ] , [ 1881,0.0,0.0 ] , [ 1882,0.0,0.0 ] , [ 1883,0.0,0.0 ] , [ 1884,0.0,0.0 ] , [ 1885,0.0,0.0 ] , [ 1886,0.0,0.0 ] , [ 1887,0.0,0.0 ] , [ 1888,0.0,0.0 ] , [ 1889 , 0.0,0.0 ] 
ASN00087046	, [ 1880,0.0,0.0 ] , [ 1881,0.0,0.0 ] , [ 1882,0.0,0.0 ] , [ 1883,0.0,0.0 ] , [ 1884,0.0,0.0 ] , [ 1885,0.0,0.0 ] , [ 1886,0.0,0.0 ] , [ 1887,0.0,0.0 ] , [ 1888,0.0,0.0 ] , [ 1889 , 0.0,0.0 ] 
ASN00087073	, [ 1888,0.0,0.0 ] , [ 1889 , 0.0,0.0 ] 
ASN00087094	, [ 1880,0.0,0.0 ] , [ 1881,0.0,0.0 ] , [ 1882,0.0,0.0 ] , [ 1883,0.0,0.0 ] , [ 1884,0.0,0.0 ] , [ 1885,0.0,0.0 ] , [ 1886,0.0,0.0 ] , [ 1887,0.0,0.0 ] , [ 1888,0.0,0.0 ] , [ 1889 , 0.0,0.0 ] 
ASN00088024	, [ 1882 , 0.0,0.0 ] 
ASN00089038	, [ 1880,0.0,0.0 ] , [ 1881,0.0,0.0 ] , [ 1882,0.0,0.0 ] , [ 1885,0.0,0.0 ] , [ 1886,0.0,0.0 ] , [ 1887,0.0,0.0 ] , [ 1888,0.0,0.0 ] , [ 1889 , 0.0,0.0 ] 
ASN00089050	, [ 1886,0.0,0.0 ] , [ 1887,0.0,0.0 ] , [ 1888,0.0,0.0 ] , [ 1889 , 0.0,0.0 ] 
ASN00089071	, [ 1889 , 0.0,0.0 ] 
ASN00090061	, [ 1885,0.0,0.0 ] , [ 1886,0.0,0.0 ] , [ 1887,0.0,0.0 ] , [ 1888,0.0,0.0 ] , [ 1889 , 0.0,0.0 ] 
ASN00090115	, [ 1884,0.0,0.0 ] , [ 1885,0.0,0.0 ] , [ 1886,0.0,0.0 ] , [ 1887,0.0,0.0 ] , [ 1888,0.0,0.0 ] , [ 1889 , 0.0,0.0 ] 
ASN00091048	, [ 1888,0.0,0.0 ] , [ 1889 , 0.0,0.0 ] 
ASN00091054	, [ 1888,0.0,0.0 ] , [ 1889 , 0.0,0.0 ] 
ASN00093004	, [ 1885,0.0,0.0 ] , [ 1889 , 0.0,0.0 ] 
ASN00093031	, [ 1889 , 0.0,0.0 ] 
ASN00094003	, [ 1889 , 0.0,0.0 ] 
ASN00094030	, [ 1885,0.0,0.0 ] , [ 1888,0.0,0.0 ] , [ 1889 , 0.0,0.0 ] 
ASN00094045	, [ 1881,0.0,0.0 ] , [ 1882,0.0,0.0 ] , [ 1885,0.0,0.0 ] , [ 1889 , 0.0,0.0 ] 
ASN00094132	, [ 1880 , 0.0,0.0 ] 
ASN00097042	, [ 1889 , 0.0,0.0 ] 
BOM00033038	, [ 1881,0.0,0.0 ] , [ 1882,0.0,0.0 ] , [ 1883,0.0,0.0 ] , [ 1884,0.0,0.0 ] , [ 1885,0.0,0.0 ] , [ 1886,0.0,0.0 ] , [ 1887,0.0,0.0 ] , [ 1888,0.0,0.0 ] , [ 1889 , 0.0,0.0 ] 
CA001066336	, [ 1886,57.160377358490564,130.1822429906542 ] , [ 1887,12.017241379310345,90.43801652892562 ] , [ 1888,33.37003058103976,104.36612021857924 ] , [ 1889 , 37.21369863013699,115.3013698630137 ] 
CA004019070	, [ 1884 , -90.084388185654,33.244725738396625 ] 
CA005011760	, [ 1880,0.0,-144.05882352941177 ] , [ 1881,-28.142045454545453,55.502747252747255 ] , [ 1882,-57.06849315068493,61.945205479452056 ] , [ 1883,-91.8958904109589,37.6 ] , [ 1884,-83.2103825136612,44.536986301369865 ] , [ 1885,-80.2986301369863,54.81917808219178 ] , [ 1886,-79.1917808219178,69.03287671232877 ] , [ 1887,-86.02465753424657,57.0467032967033 ] , [ 1888,-76.51092896174863,58.17486338797814 ] , [ 1889 , -52.917808219178085,100.69589041095891 ] 
CA005012333	, [ 1885,0.0,0.0 ] , [ 1886,0.0,0.0 ] , [ 1887,0.0,0.0 ] , [ 1888,0.0,0.0 ] , [ 1889 , 0.0,0.0 ] 
CA0050205N5	, [ 1887,0.0,0.0 ] , [ 1888 , 0.0,0.0 ] 
CA005020880	, [ 1883 , 0.0,0.0 ] 
CA005022068	, [ 1884,0.0,0.0 ] , [ 1885 , 0.0,0.0 ] 
CA006085682	, [ 1887,-139.25806451612902,-36.774193548387096 ] , [ 1888,-60.8671096345515,91.4717607973422 ] , [ 1889 , -26.9811320754717,108.08056872037915 ] 
CA006113000	, [ 1880,0.13424657534246576,110.23013698630137 ] , [ 1881,4.337912087912088,115.71703296703296 ] , [ 1882,4.233516483516484,107.68406593406593 ] , [ 1883,-17.202739726027396,93.23351648351648 ] , [ 1884,-4.975342465753425,106.88219178082191 ] , [ 1885,-20.794520547945204,91.10989010989012 ] , [ 1886,-4.03013698630137,102.69505494505495 ] , [ 1887,-7.7162534435261705,114.44903581267218 ] , [ 1888,-17.636111111111113,98.71866295264624 ] , [ 1889 , 2.3287292817679557,116.65013774104683 ] 
CA006124127	, [ 1880,33.78947368421053,127.90883977900552 ] , [ 1881,-41.53146853146853,125.38028169014085 ] , [ 1882,0.0,123.76571428571428 ] , [ 1883,36.296551724137935,108.42450142450143 ] , [ 1884,23.370473537604457,118.22346368715084 ] , [ 1885,9.306358381502891,106.93623188405797 ] , [ 1886,28.01197604790419,121.08083832335329 ] , [ 1888,1.4325153374233128,99.7760736196319 ] , [ 1889 , 29.501483679525222,121.19584569732937 ] 
CA006124700	, [ 1885,0.0,0.0 ] , [ 1886,53.546728971962615,163.093896713615 ] , [ 1887,12.852054794520548,122.84657534246575 ] , [ 1888,3.6346153846153846,110.9945205479452 ] , [ 1889 , 22.254794520547946,124.04109589041096 ] 
CA006129389	, [ 1883,0.0,0.0 ] , [ 1884,0.0,0.0 ] , [ 1885,0.0,0.0 ] , [ 1886,0.0,0.0 ] , [ 1887,0.0,0.0 ] , [ 1888,0.0,0.0 ] , [ 1889 , 0.0,0.0 ] 
CA006136643	, [ 1880,40.46448087431694,121.37978142076503 ] , [ 1881,38.63835616438356,125.34065934065934 ] , [ 1882,39.36164383561644,120.65384615384616 ] , [ 1883,19.12054794520548,104.81369863013698 ] , [ 1884,30.7103825136612,112.6256830601093 ] , [ 1885,16.517808219178082,102.73150684931507 ] , [ 1886,29.235616438356164,113.4958904109589 ] , [ 1887,29.764383561643836,123.63013698630137 ] , [ 1888,20.93169398907104,112.16666666666667 ] , [ 1889 , 39.15890410958904,130.2335164835165 ] 
CA006137285	, [ 1882,0.0,0.0 ] , [ 1883,0.0,0.0 ] , [ 1884 , 0.0,0.0 ] 
CA006139445	, [ 1880,-3.1311475409836067,74.78703703703704 ] , [ 1881,16.01851851851852,125.16666666666667 ] , [ 1882,-21.66393442622951,72.9672131147541 ] , [ 1883,8.118457300275482,115.16804407713498 ] , [ 1884,14.603351955307263,118.70111731843575 ] , [ 1885,0.02556818181818182,103.74571428571429 ] , [ 1886 , 18.483870967741936,119.85882352941177 ] 
CA006146240	, [ 1884,0.0,0.0 ] , [ 1885,0.0,0.0 ] , [ 1886,0.0,0.0 ] , [ 1887,0.0,0.0 ] , [ 1888,0.0,0.0 ] , [ 1889 , 0.0,0.0 ] 
CA006147314	, [ 1883,0.0,0.0 ] , [ 1884,0.0,0.0 ] , [ 1885,0.0,0.0 ] , [ 1886,0.0,0.0 ] , [ 1887,0.0,0.0 ] , [ 1888,0.0,0.0 ] , [ 1889 , 0.0,0.0 ] 
CA006155876	, [ 1882,18.941176470588236,106.59663865546219 ] , [ 1883,4.183561643835616,100.01101928374656 ] , [ 1884,8.132231404958677,118.10989010989012 ] , [ 1885,-1.3424657534246576,107.40934065934066 ] , [ 1886,10.265193370165745,112.93351800554017 ] , [ 1887,9.30110497237569,117.49447513812154 ] , [ 1888,-30.008196721311474,70.04098360655738 ] , [ 1889 , 20.575342465753426,121.56712328767124 ] 
CA006157685	, [ 1886,0.0,0.0 ] , [ 1887,0.0,0.0 ] , [ 1888,0.0,0.0 ] , [ 1889 , 0.0,0.0 ] 
CA006161990	, [ 1883,0.0,0.0 ] , [ 1884,0.0,0.0 ] , [ 1885,0.0,0.0 ] , [ 1886,0.0,0.0 ] , [ 1887,0.0,0.0 ] , [ 1888,0.0,0.0 ] , [ 1889 , 0.0,0.0 ] 
CA006165716	, [ 1880,9.114369501466276,116.02932551319648 ] , [ 1882,13.695652173913043,168.1604938271605 ] , [ 1883,0.0,0.0 ] , [ 1884,9.829090909090908,144.04727272727274 ] , [ 1885,-12.254098360655737,133.95901639344262 ] , [ 1886,-13.601719197707736,137.2327868852459 ] , [ 1887,-34.63013698630137,112.03846153846153 ] , [ 1888,-35.71947194719472,80.18543046357615 ] , [ 1889 , 8.570605187319885,103.82492581602374 ] 
CA007021952	, [ 1880,-22.707650273224044,88.28142076502732 ] , [ 1881,-17.464285714285715,89.09615384615384 ] , [ 1882,-31.09041095890411,74.55890410958904 ] , [ 1883,-45.676712328767124,68.86027397260274 ] , [ 1884,-29.80327868852459,78.33060109289617 ] , [ 1885,-36.86813186813187,80.36263736263736 ] , [ 1886,-30.28021978021978,82.70604395604396 ] , [ 1887,-37.66575342465753,76.83516483516483 ] , [ 1888,-37.17213114754098,65.98087431693989 ] , [ 1889 , -17.03835616438356,90.44505494505495 ] 
CA007024280	, [ 1888,-89.9,-3.607843137254902 ] , [ 1889 , -10.550595238095237,99.92307692307692 ] 
CA007066688	, [ 1888,5.783882783882784,102.00732600732601 ] , [ 1889 , -21.87945205479452,73.84657534246575 ] 
CA008200150	, [ 1880,-57.935483870967744,0.0 ] , [ 1881,-39.26775956284153,17.785714285714285 ] , [ 1882,-14.825,114.31899641577061 ] , [ 1883,-25.854166666666668,119.88333333333334 ] , [ 1885,24.322580645161292,139.6451612903226 ] , [ 1886,-45.5472972972973,81.6938775510204 ] , [ 1887,69.51724137931035,196.67857142857142 ] , [ 1888 , -82.93939393939394,8.360655737704919 ] 
CA008205988	, [ 1880,-6.401639344262295,113.03825136612022 ] , [ 1881,-0.8622589531680441,107.98618784530387 ] , [ 1882,-5.458563535911602,103.49723756906077 ] , [ 1883,-20.635258358662615,94.42944785276073 ] , [ 1884,-3.284507042253521,104.46796657381616 ] , [ 1885,-3.9519774011299433,112.58923512747876 ] , [ 1886,7.198895027624309,117.60497237569061 ] , [ 1887,-3.3333333333333335,110.01966292134831 ] , [ 1888,-2.069060773480663,100.85635359116021 ] , [ 1889 , 17.818181818181817,125.12947658402204 ] 
CA008206300	, [ 1883,0.0,0.0 ] , [ 1884,0.0,0.0 ] , [ 1885,0.0,0.0 ] , [ 1886,0.0,0.0 ] , [ 1887,0.0,0.0 ] , [ 1888,0.0,0.0 ] , [ 1889 , 0.0,0.0 ] 
FRE00104937	, [ 1880,0.0,9990.0 ] , [ 1881,0.0,9990.0 ] , [ 1882,0.0,9990.0 ] , [ 1883,0.0,9990.0 ] , [ 1884,0.0,9990.0 ] , [ 1885,0.0,9990.0 ] , [ 1886,0.0,9990.0 ] , [ 1887,0.0,9990.0 ] , [ 1888,0.0,9990.0 ] , [ 1889 , 0.0,9990.0 ] 
GM000002698	, [ 1880,57.15573770491803,142.3087431693989 ] , [ 1881,53.40821917808219,137.7041095890411 ] , [ 1882,58.087671232876716,137.28493150684932 ] , [ 1883,58.701369863013696,136.61917808219178 ] , [ 1884,62.89890710382514,146.99180327868854 ] , [ 1885,51.3041095890411,138.43561643835616 ] , [ 1886,56.032876712328765,144.46301369863014 ] , [ 1887,38.69315068493151,128.96986301369864 ] , [ 1888,46.0792349726776,126.8054794520548 ] , [ 1889 , 54.81369863013698,128.6813186813187 ] 
GMW00035032	, [ 1880,60.59836065573771,142.06284153005464 ] , [ 1881,52.723287671232875,132.96438356164384 ] , [ 1882,60.8,136.48219178082192 ] , [ 1883,58.397260273972606,137.0934065934066 ] , [ 1884,64.76775956284153,144.83879781420765 ] , [ 1885,53.8054794520548,133.75342465753425 ] , [ 1886,60.56164383561644,140.96712328767123 ] , [ 1887,48.104109589041094,125.62912087912088 ] , [ 1888,50.177595628415304,124.12054794520547 ] , [ 1889 , 57.12876712328767,130.27945205479452 ] 
KZ000035849	, [ 1881,0.0,0.0 ] , [ 1882,0.0,0.0 ] , [ 1883,0.0,0.0 ] , [ 1884,0.0,0.0 ] , [ 1885,0.0,0.0 ] , [ 1886,0.0,0.0 ] , [ 1887,0.0,0.0 ] , [ 1888,0.0,0.0 ] , [ 1889 , 0.0,0.0 ] 
KZ000038198	, [ 1882,99.70270270270271,0.0 ] , [ 1883,69.47887323943662,0.0 ] , [ 1884,0.0,0.0 ] , [ 1885,0.0,0.0 ] , [ 1886,0.0,0.0 ] , [ 1887,0.0,0.0 ] , [ 1888,0.0,0.0 ] , [ 1889 , 0.0,0.0 ] 
LG000026406	, [ 1881,0.0,0.0 ] , [ 1882,0.0,0.0 ] , [ 1883,0.0,0.0 ] , [ 1884,0.0,0.0 ] , [ 1885,0.0,0.0 ] , [ 1886,0.0,0.0 ] , [ 1887,0.0,0.0 ] , [ 1888 , 0.0,0.0 ] 
NLE00100496	, [ 1880,0.0,0.0 ] , [ 1881,0.0,0.0 ] , [ 1882,0.0,0.0 ] , [ 1883,0.0,0.0 ] , [ 1884,0.0,0.0 ] , [ 1885,0.0,0.0 ] , [ 1886,0.0,0.0 ] , [ 1887,0.0,0.0 ] , [ 1888,0.0,0.0 ] , [ 1889 , 0.0,0.0 ] 
RSM00022768	, [ 1884,0.0,0.0 ] , [ 1885,0.0,0.0 ] , [ 1886,0.0,0.0 ] , [ 1887,0.0,0.0 ] , [ 1888,0.0,0.0 ] , [ 1889 , 0.0,0.0 ] 
RSM00023914	, [ 1888,0.0,0.0 ] , [ 1889 , 0.0,0.0 ] 
RSM00027595	, [ 1881,0.0,0.0 ] , [ 1882,0.0,0.0 ] , [ 1883,0.0,0.0 ] , [ 1884,0.0,0.0 ] , [ 1885,0.0,0.0 ] , [ 1886,0.0,0.0 ] , [ 1887,0.0,0.0 ] , [ 1888,0.0,0.0 ] , [ 1889 , 0.0,0.0 ] 
RSM00034240	, [ 1881,0.0,0.0 ] , [ 1882,0.0,0.0 ] , [ 1883,0.0,0.0 ] , [ 1884,0.0,0.0 ] , [ 1885,0.0,0.0 ] , [ 1886,0.0,0.0 ] , [ 1887,0.0,0.0 ] , [ 1888,0.0,0.0 ] , [ 1889 , 0.0,0.0 ] 
RSM00037000	, [ 1881,0.0,0.0 ] , [ 1882,0.0,0.0 ] , [ 1883,0.0,0.0 ] , [ 1884,0.0,0.0 ] , [ 1885,0.0,0.0 ] , [ 1886,0.0,0.0 ] , [ 1888,0.0,0.0 ] , [ 1889 , 0.0,0.0 ] 
RSM00037099	, [ 1880,0.0,0.0 ] , [ 1881,0.0,0.0 ] , [ 1882,0.0,0.0 ] , [ 1883,0.0,0.0 ] , [ 1884,0.0,0.0 ] , [ 1885,0.0,0.0 ] , [ 1886,0.0,0.0 ] , [ 1887,0.0,0.0 ] , [ 1888,0.0,0.0 ] , [ 1889 , 0.0,0.0 ] 
RSM00037123	, [ 1886,0.0,0.0 ] , [ 1887,0.0,0.0 ] , [ 1888,0.0,0.0 ] , [ 1889 , 0.0,0.0 ] 
SF000098150	, [ 1880,0.0,0.0 ] , [ 1881,0.0,0.0 ] , [ 1882,0.0,0.0 ] , [ 1883,0.0,0.0 ] , [ 1884,0.0,0.0 ] , [ 1885,0.0,0.0 ] , [ 1886,0.0,0.0 ] , [ 1887,0.0,0.0 ] , [ 1888,0.0,0.0 ] , [ 1889 , 0.0,0.0 ] 
SF000273020	, [ 1880,0.0,0.0 ] , [ 1881,0.0,0.0 ] , [ 1882,0.0,0.0 ] , [ 1883,0.0,0.0 ] , [ 1884,0.0,0.0 ] , [ 1885,0.0,0.0 ] , [ 1886,0.0,0.0 ] , [ 1887,0.0,0.0 ] , [ 1888,0.0,0.0 ] , [ 1889 , 0.0,0.0 ] 
SF000288380	, [ 1880,0.0,0.0 ] , [ 1881,0.0,0.0 ] , [ 1882,0.0,0.0 ] , [ 1883,0.0,0.0 ] , [ 1884,0.0,0.0 ] , [ 1885,0.0,0.0 ] , [ 1886,0.0,0.0 ] , [ 1887,0.0,0.0 ] , [ 1888,0.0,0.0 ] , [ 1889 , 0.0,0.0 ] 
SF000414170	, [ 1880,0.0,0.0 ] , [ 1881,0.0,0.0 ] , [ 1882,0.0,0.0 ] , [ 1883,0.0,0.0 ] , [ 1884,0.0,0.0 ] , [ 1885,0.0,0.0 ] , [ 1886,0.0,0.0 ] , [ 1887,0.0,0.0 ] , [ 1888,0.0,0.0 ] , [ 1889 , 0.0,0.0 ] 
SF000422270	, [ 1880,0.0,0.0 ] , [ 1881,0.0,0.0 ] , [ 1882,0.0,0.0 ] , [ 1883,0.0,0.0 ] , [ 1884,0.0,0.0 ] , [ 1885,0.0,0.0 ] , [ 1886,0.0,0.0 ] , [ 1887,0.0,0.0 ] , [ 1888,0.0,0.0 ] , [ 1889 , 0.0,0.0 ] 
SF000624440	, [ 1880,0.0,0.0 ] , [ 1881,0.0,0.0 ] , [ 1882,0.0,0.0 ] , [ 1883,0.0,0.0 ] , [ 1884,0.0,0.0 ] , [ 1885,0.0,0.0 ] , [ 1886,0.0,0.0 ] , [ 1887,0.0,0.0 ] , [ 1888,0.0,0.0 ] , [ 1889 , 0.0,0.0 ] 
SF000752150	, [ 1883 , 0.0,0.0 ] 
SF000761330	, [ 1880,0.0,0.0 ] , [ 1881,0.0,0.0 ] , [ 1882,0.0,0.0 ] , [ 1883,0.0,0.0 ] , [ 1884,0.0,0.0 ] , [ 1885,0.0,0.0 ] , [ 1886,0.0,0.0 ] , [ 1887,0.0,0.0 ] , [ 1888,0.0,0.0 ] , [ 1889 , 0.0,0.0 ] 
SF000773090	, [ 1884,0.0,0.0 ] , [ 1885,0.0,0.0 ] , [ 1886,0.0,0.0 ] , [ 1887,0.0,0.0 ] , [ 1888,0.0,0.0 ] , [ 1889 , 0.0,0.0 ] 
SF000782270	, [ 1880,0.0,0.0 ] , [ 1881,0.0,0.0 ] , [ 1882,0.0,0.0 ] , [ 1883,0.0,0.0 ] , [ 1884,0.0,0.0 ] , [ 1885,0.0,0.0 ] , [ 1886,0.0,0.0 ] , [ 1887,0.0,0.0 ] , [ 1888,0.0,0.0 ] , [ 1889 , 0.0,0.0 ] 
SF000787550	, [ 1885,0.0,0.0 ] , [ 1886,0.0,0.0 ] , [ 1887,0.0,0.0 ] , [ 1888,0.0,0.0 ] , [ 1889 , 0.0,0.0 ] 
SF000794900	, [ 1885,0.0,0.0 ] , [ 1886,0.0,0.0 ] , [ 1887,0.0,0.0 ] , [ 1888,0.0,0.0 ] , [ 1889 , 0.0,0.0 ] 
SF001014440	, [ 1888,0.0,0.0 ] , [ 1889 , 0.0,0.0 ] 
SF001203380	, [ 1885,0.0,0.0 ] , [ 1886,0.0,0.0 ] , [ 1887,0.0,0.0 ] , [ 1888,0.0,0.0 ] , [ 1889 , 0.0,0.0 ] 
SF001483520	, [ 1885,0.0,0.0 ] , [ 1886,0.0,0.0 ] , [ 1887,0.0,0.0 ] , [ 1888,0.0,0.0 ] , [ 1889 , 0.0,0.0 ] 
SF001763720	, [ 1887,0.0,0.0 ] , [ 1888,0.0,0.0 ] , [ 1889 , 0.0,0.0 ] 
UPM00033345	, [ 1881,14.75328947368421,83.98684210526316 ] , [ 1882,36.06575342465754,116.23351648351648 ] , [ 1883,20.20059880239521,93.16167664670658 ] , [ 1884,39.88486842105263,107.34323432343234 ] , [ 1885,34.56986301369863,116.33424657534246 ] , [ 1886,25.876712328767123,110.15342465753425 ] , [ 1887,33.416438356164385,114.24109589041096 ] , [ 1888,15.068306010928962,104.3688524590164 ] , [ 1889 , 32.038356164383565,112.4931506849315 ] 
UPM00033846	, [ 1881,0.0,0.0 ] , [ 1882,0.0,0.0 ] , [ 1883,0.0,0.0 ] , [ 1884,0.0,0.0 ] , [ 1885,0.0,0.0 ] , [ 1886,0.0,0.0 ] , [ 1887,0.0,0.0 ] , [ 1888,0.0,0.0 ] , [ 1889 , 0.0,0.0 ] 
USC00033466	, [ 1887,-13.774193548387096,141.78571428571428 ] , [ 1888,95.37808219178082,0.0 ] , [ 1889 , 99.80494505494505,245.93623188405797 ] 
USC00090979	, [ 1889 , 0.0,0.0 ] 
USC00138307	, [ 1881 , 0.0,0.0 ] 
USC00144559	, [ 1880,48.94505494505494,91.42857142857143 ] , [ 1881,88.07843137254902,-352.5211267605634 ] , [ 1882 , 0.0,0.0 ] 
USC00194875	, [ 1885,7.558904109589041,136.33698630136988 ] , [ 1886,13.24931506849315,142.2821917808219 ] , [ 1887,15.819178082191781,142.01373626373626 ] , [ 1888,7.254098360655738,131.3169398907104 ] , [ 1889 , 40.49258160237389,160.4807121661721 ] 
USC00200032	, [ 1887,-42.794520547945204,78.27027027027027 ] , [ 1888,9.364383561643836,140.1639344262295 ] , [ 1889 , 6.372093023255814,119.2126245847176 ] 
USC00207097	, [ 1889 , 46.596774193548384,155.43548387096774 ] 
USC00252205	, [ 1889 , 0.0,0.0 ] 
USC00254812	, [ 1882 , -28.425,-256.275 ] 
USC00267835	, [ 1887,-44.5,147.88524590163934 ] , [ 1888 , 66.13333333333334,322.1333333333333 ] 
USC00277060	, [ 1886,29.153191489361703,166.86666666666667 ] , [ 1887 , 3.2344322344322345,125.6875 ] 
USC00324418	, [ 1881 , 167.0,283.0 ] 
USC00405451	, [ 1885,0.0,0.0 ] , [ 1886,0.0,0.0 ] , [ 1887,0.0,0.0 ] , [ 1888,0.0,0.0 ] , [ 1889 , 0.0,0.0 ] 
USC00407884	, [ 1889 , 0.0,0.0 ] 
USC00433660	, [ 1887,0.0,0.0 ] , [ 1888 , 0.0,0.0 ] 
USC00435733	, [ 1887,18.284313725490197,131.48692810457516 ] , [ 1888,-10.702185792349727,95.7103825136612 ] , [ 1889 , 9.101369863013698,112.40821917808219 ] 
USC00440755	, [ 1880,0.0,0.0 ] , [ 1881,0.0,0.0 ] , [ 1882,0.0,0.0 ] , [ 1883,0.0,0.0 ] , [ 1884,0.0,0.0 ] , [ 1885,0.0,0.0 ] , [ 1886,0.0,0.0 ] , [ 1887,0.0,0.0 ] , [ 1888,0.0,0.0 ] , [ 1889 , 0.0,0.0 ] 
USC00447004	, [ 1880,0.0,0.0 ] , [ 1881,0.0,0.0 ] , [ 1882,0.0,0.0 ] , [ 1883,0.0,0.0 ] , [ 1884,0.0,0.0 ] , [ 1885,0.0,0.0 ] , [ 1886,0.0,0.0 ] , [ 1887,0.0,0.0 ] , [ 1888 , 0.0,0.0 ] 
USC00467785	, [ 1884,0.0,0.0 ] , [ 1885,0.0,0.0 ] , [ 1886,0.0,0.0 ] , [ 1887,0.0,0.0 ] , [ 1888,0.0,0.0 ] , [ 1889 , 0.0,0.0 ] 
USC00474379	, [ 1883,0.0,0.0 ] , [ 1884,0.0,0.0 ] , [ 1885,0.0,0.0 ] , [ 1886,0.0,0.0 ] , [ 1887,0.0,0.0 ] , [ 1888,0.0,0.0 ] , [ 1889 , 0.0,0.0 ] 
USC00475255	, [ 1889 , 0.0,0.0 ] 
USC00481816	, [ 1881 , 100.0,267.0 ] 
USW00023154	, [ 1888 , 0.0,0.0 ] 
USW00094728	, [ 1880,75.76229508196721,156.9863387978142 ] , [ 1881,73.44657534246575,152.56164383561645 ] , [ 1882,73.3972602739726,146.64383561643837 ] , [ 1883,62.87397260273973,139.94520547945206 ] , [ 1884,75.69398907103825,149.17534246575343 ] , [ 1885,64.59452054794521,143.36712328767123 ] , [ 1886,66.4958904109589,148.81643835616438 ] , [ 1887,64.60164835164835,146.4945054945055 ] , [ 1888,57.221311475409834,136.35342465753425 ] , [ 1889 , 78.42465753424658,154.22465753424657 ] 
